OUTPUT:

5.000000 4.000000 
4.999600 4.039997 
4.998400 4.079978 
4.996401 4.119928 
4.993603 4.159830 
4.990008 4.199667 
4.985617 4.239424 
4.980432 4.279086 
4.974454 4.318636 
4.967688 4.358059 
4.960133 4.397339 
4.951795 4.436459 
4.942676 4.475405 
4.932780 4.514161 
4.922111 4.552711 
4.910673 4.591041 
4.898471 4.629133 
4.885509 4.666974 
4.871794 4.704548 
4.857329 4.741841 
4.842122 4.778837 
4.826178 4.815521 
4.809503 4.851879 
4.792105 4.887897 
4.773990 4.923559 
4.755165 4.958851 
4.735638 4.993761 
4.715417 5.028272 
4.694510 5.062373 
4.672925 5.096048 
4.650671 5.129285 
4.627757 5.162070 
4.604191 5.194391 
4.579985 5.226233 
4.555146 5.257586 
4.529685 5.288435 
4.503612 5.318769 
4.476937 5.348576 
4.449672 5.377843 
4.421827 5.406559 
4.393414 5.434712 
4.364443 5.462291 
4.334926 5.489286 
4.304875 5.515685 
4.274302 5.541478 
4.243220 5.566654 
4.211641 5.591203 
4.179576 5.615116 
4.147040 5.638383 
4.114046 5.660995 
4.080605 5.682941 
4.046732 5.704216 
4.012441 5.724808 
3.977745 5.744710 
3.942657 5.763915 
3.907193 5.782414 
3.871366 5.800200 
3.835190 5.817266 
3.798680 5.833606 
3.761851 5.849212 
3.724716 5.864078 
3.687293 5.878198 
3.649594 5.891568 
3.611635 5.904181 
3.573432 5.916031 
3.534999 5.927116 
3.496352 5.937430 
3.457507 5.946969 
3.418479 5.955729 
3.379283 5.963707 
3.339936 5.970899 
3.300452 5.977304 
3.260849 5.982916 
3.221141 5.987737 
3.181345 5.991762 
3.141476 5.994990 
3.101551 5.997420 
3.061585 5.999052 
3.021594 5.999884 
2.981595 5.999915 
2.941603 5.999147 
2.901634 5.997580 
2.861705 5.995213 
2.821831 5.992048 
2.782028 5.988087 
2.742313 5.983330 
2.702701 5.977780 
2.663207 5.971439 
2.623848 5.964309 
2.584640 5.956394 
2.545598 5.947696 
2.506737 5.938219 
2.468075 5.927967 
2.429624 5.916943 
2.391402 5.905153 
2.353423 5.892601 
2.315703 5.879292 
2.278257 5.865231 
2.241099 5.850424 
2.204245 5.834877 
2.167709 5.818596 
2.131505 5.801588 
2.095650 5.783858 
2.060156 5.765416 
2.025038 5.746267 
1.990310 5.726420 
1.955986 5.705883 
1.922079 5.684662 
1.888604 5.662768 
1.855573 5.640210 
1.823000 5.616994 
1.790898 5.593132 
1.759279 5.568634 
1.728157 5.543507 
1.697543 5.517763 
1.667450 5.491412 
1.637890 5.464465 
1.608876 5.436932 
1.580417 5.408823 
1.552526 5.380152 
1.525215 5.350929 
1.498493 5.321165 
1.472372 5.290873 
1.446862 5.260064 
1.421973 5.228751 
1.397715 5.196947 
1.374098 5.164664 
1.351131 5.131915 
1.328824 5.098714 
1.307186 5.065073 
1.286224 5.031006 
1.265948 4.996526 
1.246366 4.961648 
1.227485 4.926386 
1.209313 4.890753 
1.191857 4.854763 
1.175125 4.818432 
1.159122 4.781773 
1.143856 4.744802 
1.129332 4.707532 
1.115557 4.669980 
1.102535 4.632160 
1.090272 4.594087 
1.078773 4.555776 
1.068042 4.517242 
1.058085 4.478503 
1.048904 4.439571 
1.040503 4.400464 
1.032886 4.361197 
1.026056 4.321785 
1.020016 4.282244 
1.014767 4.242591 
1.010313 4.202840 
1.006654 4.163009 
1.003793 4.123112 
1.001730 4.083166 
1.000466 4.043187 
1.000003 4.003190 
1.000339 3.963192 
1.001475 3.923209 
1.003410 3.883256 
1.006144 3.843351 
1.009676 3.803508 
1.014003 3.763743 
1.019125 3.724073 
1.025040 3.684513 
1.031744 3.645080 
1.039236 3.605788 
1.047511 3.566655 
1.056568 3.527694 
1.066402 3.488923 
1.077010 3.450356 
1.088387 3.412008 
1.100528 3.373896 
1.113429 3.336035 
1.127085 3.298439 
1.141490 3.261123 
1.156638 3.224103 
1.172523 3.187393 
1.189140 3.151009 
1.206481 3.114964 
1.224539 3.079273 
1.243307 3.043950 
1.262778 3.009010 
1.282944 2.974466 
1.303797 2.940332 
1.325328 2.906623 
1.347529 2.873350 
1.370391 2.840528 
1.393905 2.808170 
1.418061 2.776289 
1.442850 2.744897 
1.468262 2.714007 
1.494286 2.683631 
1.520913 2.653783 
1.548131 2.624472 
1.575930 2.595712 
1.604299 2.567513 
1.633226 2.539887 
1.662700 2.512846 
1.692708 2.486399 
1.723240 2.460557 
1.754282 2.435332 
1.785822 2.410732 
1.817848 2.386768 
1.850347 2.363449 
1.883306 2.340785 
1.916711 2.318784 
1.950550 2.297456 
1.984809 2.276809 
2.019473 2.256851 
2.054530 2.237591 
2.089965 2.219035 
2.125763 2.201192 
2.161912 2.184068 
2.198396 2.167671 
2.235200 2.152006 
2.272311 2.137081 
2.309712 2.122900 
2.347389 2.109471 
2.385328 2.096798 
2.423512 2.084886 
2.461927 2.073740 
2.500558 2.063365 
2.539388 2.053764 
2.578402 2.044941 
2.617585 2.036901 
2.656920 2.029646 
2.696393 2.023179 
2.735988 2.017502 
2.775688 2.012619 
2.815478 2.008530 
2.855341 2.005238 
2.895263 2.002744 
2.935226 2.001049 
2.975216 2.000154 
3.015215 2.000058 
3.055208 2.000762 
3.095179 2.002266 
3.135112 2.004569 
3.174991 2.007670 
3.214800 2.011568 
3.254523 2.016262 
3.294144 2.021748 
3.333647 2.028027 
3.373018 2.035093 
3.412238 2.042946 
3.451294 2.051582 
3.490170 2.060997 
3.528849 2.071187 
3.567317 2.082149 
3.605558 2.093879 
3.643557 2.106370 
3.681298 2.119619 
3.718767 2.133620 
3.755948 2.148368 
3.792827 2.163856 
3.829389 2.180079 
3.865619 2.197029 
3.901503 2.214701 
3.937026 2.233087 
3.972175 2.252180 
4.006934 2.271971 
4.041291 2.292454 
4.075232 2.313620 
4.108742 2.335461 
4.141809 2.357967 
4.174419 2.381130 
4.206559 2.404940 
4.238217 2.429389 
4.269379 2.454466 
4.300034 2.480161 
4.330169 2.506464 
4.359771 2.533364 
4.388830 2.560851 
4.417334 2.588913 
4.445270 2.617540 
4.472628 2.646720 
4.499397 2.676441 
4.525567 2.706692 
4.551126 2.737460 
4.576065 2.768733 
4.600374 2.800498 
4.624042 2.832743 
4.647061 2.865456 
4.669421 2.898621 
4.691113 2.932228 
4.712129 2.966261 
4.732460 3.000708 
4.752098 3.035555 
4.771035 3.070787 
4.789264 3.106392 
4.806777 3.142353 
4.823567 3.178658 
4.839628 3.215291 
4.854953 3.252238 
4.869536 3.289484 
4.883372 3.327014 
4.896454 3.364814 
4.908778 3.402868 
4.920338 3.441160 
4.931130 3.479676 
4.941149 3.518400 
4.950393 3.557317 
4.958856 3.596410 
4.966535 3.635665 
4.973428 3.675066 
4.979532 3.714597 
4.984843 3.754242 
4.989361 3.793986 
4.993083 3.833811 
4.996008 3.873703 
4.998135 3.913646 
4.999462 3.953624 
4.999990 3.993619

EXPLANATION:
In this program, we print the cordinates of a circle by starting from 0 radians till 2*PI radians.
We increment the angle made by the radius to the x-axis by an angle of 0.02 in each iteration.
In the starting it is 0 radians. In the end it's less than equal to 2*PI radians(360 degrees).
We go anticlockwise. The center coordinate is (3,4) and we make a circle of radius 2 cm.

WORKING:
We open the file data in write mode. If data does not exist it will create a new file with the name
data. We then start iteration from angle 0.   x=3.0+2.0*cos(0)=  5.0  ||  y=4.0+2.0*sin(0)=  4.0
The first line is 5.000000 4.000000
Same goes for the next lines.
			

